已经有的：
A：1 2 3 4 5 6 7 8 9 10 11 12 13 14 15
B：1 2 3 4 5 6 7 8 10 11 12 13 14 15 16 17 18 19 20
C：1 2 3 4 5 6 7 8 9 10 11 13 14 15 16 17
D：1 2 3 5 6 7 8 9 11 12 13 14 15 16 17 18 19 20 21
E：1 2 3 4 5 6 7 8 9 10 11 12 13 14 15
F：1 2 3 4 5 6 7 8 9 10 11 12 13 14
G：1 2 3 4 5 6 7 8 9 10 11 12 13 14 15 16 17
H：1 2 3 4 5 6 7 8 9 10 11 12 13 14
M：1 2 3 4 5 6 7 8 9 10 11 12 13 14 15

共需补：11+13+13+6(7)+9+11+4+8(9)=75(77)

a16~a26, b9, b21~b32, c12, c18~c29, d4, d10, d22~d26, e16~e24, f15~f25, g18~g21, h15~h23

实际：a16~a26, b9, b21~b32, c12, c18~c29, d4, d10, d22~d26, e16~e24, f15~f25, g18~g21, h17~h23

缺h15、h16